-29.995611 0.000000 0.000000 0.000000 0.000000 0.000000
-29.686593 0.000000 0.000000 0.000000 0.000000 0.000000
-29.377575 0.000000 0.000000 0.000000 0.000000 0.000000
-29.068558 0.000000 0.000000 0.000000 0.000000 0.000000
-28.759540 0.000000 0.000000 0.000000 0.000000 0.000000
-28.450522 0.000000 0.000000 0.000000 0.000000 0.000000
-28.141504 0.000000 0.000000 0.000000 0.000000 0.000000
-27.832487 0.000000 0.000000 0.000000 0.000000 0.000000
-27.523469 0.000000 0.000000 0.000000 0.000000 0.000000
-27.214451 0.000000 0.000000 0.000000 0.000000 0.000000
-26.905433 0.000000 0.000000 0.000000 0.000000 0.000000
-26.596415 0.000000 0.000000 0.000000 0.000000 0.000000
-26.287398 0.000000 0.000000 0.000000 0.000000 0.000000
-25.978380 0.000000 0.000000 0.000000 0.000000 0.000000
-25.669362 0.000000 0.000000 0.000000 0.000000 0.000000
-25.360344 0.000000 0.000000 0.000000 0.000000 0.000000
-25.051326 0.000000 0.000000 0.000000 0.000000 0.000000
-24.742309 0.000021 0.000030 0.000514 0.000005 0.000053
-24.433291 0.000047 0.000054 0.000992 0.000019 0.000102
-24.124273 0.000069 0.000065 0.001263 0.000035 0.000129
-23.815255 0.000159 0.000214 0.002575 0.000091 0.000973
-23.506237 0.000224 0.000299 0.003412 0.000132 0.001516
-23.197220 0.000294 0.000354 0.003874 0.000163 0.001743
-22.888202 0.000379 0.000417 0.004338 0.000197 0.001984
-22.579184 0.000495 0.000504 0.004921 0.000238 0.002316
-22.270166 0.000643 0.000636 0.005644 0.000287 0.002726
-21.961148 0.000797 0.000870 0.006596 0.000349 0.003280
-21.652131 0.000955 0.001821 0.008636 0.000448 0.004645
-21.343113 0.001087 0.002041 0.009650 0.000562 0.005082
-21.034095 0.001447 0.002250 0.011027 0.001163 0.005496
-20.725077 0.001714 0.002346 0.011898 0.001619 0.005801
-20.416059 0.001856 0.002373 0.012353 0.001821 0.006060
-20.107042 0.002042 0.002451 0.012985 0.002106 0.006437
-19.798024 0.002278 0.002583 0.013846 0.002515 0.006928
-19.489006 0.002623 0.002885 0.015446 0.003216 0.007711
-19.179988 0.002988 0.003207 0.016856 0.004154 0.008590
-18.870970 0.003302 0.003784 0.018101 0.005789 0.009685
-18.561953 0.003656 0.004557 0.020001 0.007911 0.010955
-18.252935 0.003607 0.004067 0.018984 0.006422 0.010775
-17.943917 0.003234 0.003564 0.016344 0.005114 0.009588
-17.634899 0.003117 0.003508 0.015546 0.004348 0.009454
-17.325881 0.003061 0.003634 0.014838 0.003738 0.009520
-17.016864 0.002970 0.003605 0.013847 0.003142 0.009557
-16.707846 0.002493 0.002760 0.011115 0.002481 0.007668
-16.398828 0.002064 0.002338 0.008585 0.001912 0.006329
-16.089810 0.002439 0.002951 0.008782 0.002049 0.007543
-15.780792 0.003500 0.004432 0.009851 0.002998 0.009555
-15.471775 0.004377 0.004775 0.010210 0.003545 0.009820
-15.162757 0.006655 0.005573 0.011342 0.004096 0.011372
-14.853739 0.007978 0.006433 0.012764 0.005228 0.012832
-14.544721 0.010035 0.007543 0.016032 0.007284 0.014625
-14.235704 0.012069 0.009617 0.020086 0.008915 0.017665
-13.926686 0.013540 0.009945 0.020845 0.010666 0.016987
-13.617668 0.014970 0.010125 0.021189 0.011238 0.016840
-13.308650 0.014947 0.009382 0.020539 0.010582 0.015860
-12.999632 0.015188 0.009256 0.019107 0.010217 0.014226
-12.690615 0.014293 0.008843 0.016566 0.010290 0.013251
-12.381597 0.014290 0.009071 0.016161 0.010295 0.011294
-12.072579 0.017662 0.011096 0.016672 0.011488 0.013768
-11.763561 0.019239 0.012433 0.016036 0.011967 0.015331
-11.454543 0.019187 0.013834 0.015718 0.012752 0.015752
-11.145526 0.020074 0.013954 0.015613 0.013333 0.015819
-10.836508 0.018935 0.013639 0.015239 0.013224 0.014623
-10.527490 0.016939 0.012912 0.013187 0.012062 0.012600
-10.218472 0.015627 0.013134 0.012360 0.012550 0.011558
-9.909454 0.016311 0.014055 0.012205 0.013576 0.011198
-9.600437 0.015038 0.014934 0.012149 0.014566 0.011903
-9.291419 0.015296 0.017274 0.011995 0.015532 0.013246
-8.982401 0.016057 0.019278 0.013716 0.018487 0.014760
-8.673383 0.020079 0.026528 0.018836 0.022912 0.017338
-8.364365 0.020848 0.026581 0.019111 0.022627 0.018227
-8.055348 0.018764 0.023524 0.017238 0.020714 0.016810
-7.746330 0.017051 0.023162 0.016218 0.020049 0.016190
-7.437312 0.016364 0.022690 0.015065 0.018811 0.015158
-7.128294 0.016380 0.022750 0.015440 0.017764 0.016400
-6.819276 0.018968 0.026117 0.016943 0.019999 0.018435
-6.510259 0.020262 0.027805 0.016936 0.021033 0.018673
-6.201241 0.019321 0.028491 0.015667 0.021710 0.018074
-5.892223 0.018197 0.026604 0.013766 0.019888 0.016208
-5.583205 0.016136 0.023889 0.011471 0.017902 0.014245
-5.274187 0.014620 0.020954 0.010386 0.017354 0.012956
-4.965170 0.017546 0.023927 0.011468 0.019511 0.014707
-4.656152 0.024372 0.030755 0.013587 0.024989 0.017965
-4.347134 0.026495 0.034716 0.014451 0.027361 0.020703
-4.038116 0.028476 0.032369 0.013128 0.027195 0.019606
-3.729098 0.025186 0.026655 0.009761 0.022596 0.015985
-3.420081 0.021531 0.018981 0.007343 0.019465 0.012069
-3.111063 0.022152 0.020736 0.007323 0.020897 0.011490
-2.802045 0.024523 0.023098 0.008571 0.029080 0.011960
-2.493027 0.027362 0.026463 0.009112 0.033650 0.012807
-2.184009 0.025312 0.025690 0.008187 0.034648 0.012068
-1.874992 0.020926 0.021379 0.006599 0.029954 0.010153
-1.565974 0.013809 0.013974 0.004144 0.020161 0.006828
-1.256956 0.008926 0.009051 0.002659 0.014392 0.004634
-0.947938 0.005972 0.006158 0.001769 0.009991 0.003106
-0.638920 0.004547 0.004886 0.001377 0.007940 0.002374
-0.329903 0.004237 0.004638 0.001284 0.007464 0.002203
-0.020885 0.004253 0.004703 0.001279 0.007503 0.002181
1.440664 0.004414 0.004929 0.001323 0.007758 0.002240
2.985753 0.004912 0.005654 0.001484 0.008840 0.002488
4.530842 0.006587 0.007572 0.001935 0.011374 0.003250
6.075931 0.009753 0.010362 0.002765 0.015307 0.004583
7.621020 0.015212 0.016063 0.004328 0.021732 0.006747
9.166109 0.023753 0.022428 0.006301 0.032020 0.009372
10.711198 0.028386 0.026936 0.007901 0.040100 0.011707
12.256287 0.023662 0.025254 0.007092 0.034841 0.010687
13.801376 0.023056 0.024744 0.007335 0.031119 0.010495
15.346465 0.027229 0.029487 0.008806 0.031976 0.013047
16.891554 0.033763 0.036245 0.011254 0.035267 0.017390
18.436643 0.038518 0.040734 0.013133 0.035140 0.020661
19.981732 0.029198 0.035014 0.012153 0.026446 0.018455
21.526821 0.024093 0.033194 0.012505 0.022205 0.018877
23.071910 0.023250 0.032198 0.013672 0.021236 0.020512
24.616999 0.023784 0.034105 0.016755 0.021303 0.022476
26.162088 0.025252 0.036677 0.019986 0.023516 0.024408
27.707177 0.026583 0.035211 0.021515 0.023374 0.024533
29.252266 0.025506 0.031149 0.020092 0.021412 0.021954
30.797355 0.022543 0.026630 0.017134 0.018422 0.018189
32.342444 0.019075 0.023063 0.015614 0.016502 0.015508
33.887533 0.021185 0.026247 0.020965 0.019265 0.018338
35.432622 0.021852 0.026894 0.022384 0.021162 0.019807
36.977711 0.021183 0.027052 0.021011 0.023393 0.020720
38.522800 0.020654 0.024172 0.020023 0.022506 0.018941
40.067889 0.020943 0.021566 0.018962 0.021366 0.017886
41.612978 0.018898 0.017719 0.017684 0.018153 0.015983
43.158067 0.018604 0.015401 0.017043 0.017447 0.016197
44.703156 0.019830 0.015525 0.018389 0.020028 0.018495
46.248245 0.021862 0.016585 0.018835 0.021115 0.020647
47.793334 0.021595 0.017471 0.018606 0.021484 0.020884
49.338423 0.020800 0.017544 0.019349 0.020673 0.019628
50.883512 0.019923 0.015767 0.018934 0.020336 0.018073
52.428601 0.018178 0.012696 0.016958 0.018986 0.015555
53.973690 0.016656 0.010826 0.015935 0.016018 0.013984
55.518779 0.018359 0.010708 0.016345 0.014883 0.013812
57.063868 0.020692 0.011638 0.018014 0.015491 0.014651
58.608957 0.021705 0.011985 0.019528 0.016080 0.015061
60.154046 0.022279 0.012412 0.019952 0.016760 0.015180
61.699135 0.024861 0.013172 0.022317 0.018477 0.017516
63.244224 0.026499 0.012630 0.022336 0.018635 0.018246
64.789313 0.021500 0.010612 0.020111 0.016205 0.016739
66.334401 0.016506 0.007534 0.015068 0.012685 0.013762
67.879490 0.016333 0.006523 0.015179 0.011466 0.013240
69.424579 0.019188 0.007182 0.018982 0.013554 0.015589
70.969668 0.019212 0.006930 0.021838 0.014352 0.016913
72.514757 0.015259 0.005998 0.022890 0.013571 0.016017
74.059846 0.012362 0.004756 0.020617 0.012411 0.013321
75.604935 0.009123 0.003425 0.018326 0.009753 0.011832
77.150024 0.005657 0.002190 0.012937 0.007001 0.008005
78.695113 0.002340 0.001072 0.006529 0.003302 0.003739
80.240202 0.000938 0.000518 0.001729 0.001544 0.001653
81.785291 0.000000 0.000000 0.000000 0.000000 0.000000
83.330380 0.000005 0.000012 0.000026 0.000004 0.000059
84.875469 0.000109 0.000279 0.000543 0.000131 0.001037
86.420558 0.000405 0.000815 0.001800 0.000480 0.003126
87.965647 0.000932 0.001577 0.003781 0.001088 0.006781
89.510736 0.001196 0.002748 0.006030 0.001659 0.010730
91.055825 0.001465 0.003780 0.008160 0.001690 0.014097
92.600914 0.001447 0.003656 0.008492 0.001544 0.013614
94.146003 0.001527 0.003680 0.009154 0.001503 0.013612
95.691092 0.001725 0.003855 0.010376 0.001531 0.013975
97.236181 0.002099 0.004217 0.012448 0.001643 0.014927
98.781270 0.002100 0.004030 0.012204 0.001537 0.015143
100.326359 0.001742 0.003435 0.010354 0.001219 0.014176
101.871448 0.001455 0.002929 0.008935 0.001058 0.012969
103.416537 0.001278 0.002477 0.007992 0.001016 0.011918
104.961626 0.001199 0.002293 0.007635 0.001058 0.011695
106.506715 0.001182 0.002256 0.007672 0.001158 0.012024
108.051804 0.001154 0.002210 0.007664 0.001227 0.011827
109.596893 0.001143 0.002218 0.007823 0.001327 0.011818
111.141982 0.001135 0.002256 0.008064 0.001457 0.011891
112.687071 0.001141 0.002352 0.008545 0.001672 0.012226
114.232160 0.001169 0.002534 0.009390 0.002045 0.012948
115.777249 0.001025 0.002193 0.008129 0.001531 0.011305
117.322338 0.000874 0.001990 0.007219 0.001327 0.010199
118.867427 0.000759 0.001905 0.006744 0.001206 0.009621
120.412516 0.000658 0.001873 0.006436 0.001130 0.009313
121.957605 0.000564 0.001850 0.006245 0.001079 0.009093
123.502694 0.000432 0.001534 0.004560 0.000864 0.007501
125.047783 0.000323 0.001393 0.003664 0.000761 0.006697
126.592872 0.000152 0.001233 0.002493 0.000697 0.005821
128.137961 0.000069 0.000363 0.001402 0.000514 0.002317
129.683050 0.000045 0.000252 0.001116 0.000411 0.001691
131.228139 0.000024 0.000167 0.000819 0.000300 0.001170
132.773228 0.000006 0.000088 0.000476 0.000173 0.000646
134.318317 0.000000 0.000000 0.000000 0.000000 0.000000
135.863405 0.000000 0.000000 0.000000 0.000000 0.000000
137.408494 0.000000 0.000000 0.000000 0.000000 0.000000
138.953583 0.000000 0.000000 0.000000 0.000000 0.000000
140.498672 0.000000 0.000000 0.000000 0.000000 0.000000
142.043761 0.000000 0.000000 0.000000 0.000000 0.000000
143.588850 0.000000 0.000000 0.000000 0.000000 0.000000
145.133939 0.000000 0.000000 0.000000 0.000000 0.000000
146.679028 0.000000 0.000000 0.000000 0.000000 0.000000
148.224117 0.000000 0.000000 0.000000 0.000000 0.000000
149.769206 0.000000 0.000000 0.000000 0.000000 0.000000
151.314295 0.000000 0.000000 0.000000 0.000000 0.000000
152.859384 0.000000 0.000000 0.000000 0.000000 0.000000
154.404473 0.000000 0.000000 0.000000 0.000000 0.000000
155.949562 0.000000 0.000000 0.000000 0.000000 0.000000
157.494651 0.000000 0.000000 0.000000 0.000000 0.000000
159.039740 0.000000 0.000000 0.000000 0.000000 0.000000
